1
1
0
1
0
0
1
0
1
1
0
1
1
1
1
0
1
1
1
1
1
0
0
1
0
1
1
1
0
0
0
1
0
0
0
1
0
1
1
0
1
1
0
0
1
1
1
0
1
1
0
0
0
1
1
0
0
0
1
1
0
0
0
1
-9.25596e+61
-9.25596e+61
-9.25596e+61
-9.25596e+61
-9.25596e+61
-9.25596e+61
-9.25596e+61
-9.25596e+61
-9.25596e+61
-9.25596e+61
-9.25596e+61
-9.25596e+61
-9.25596e+61
-9.25596e+61
-9.25596e+61
-9.25596e+61
-9.25596e+61
-9.25596e+61
-9.25596e+61
-9.25596e+61
-9.25596e+61
-9.25596e+61
-9.25596e+61
-9.25596e+61
-9.25596e+61
-9.25596e+61
-9.25596e+61
-9.25596e+61
-9.25596e+61
-9.25596e+61
-9.25596e+61
-9.25596e+61
-9.25596e+61
-9.25596e+61
-9.25596e+61
-9.25596e+61
-9.25596e+61
-9.25596e+61
-9.25596e+61
-9.25596e+61
-9.25596e+61
-9.25596e+61
-9.25596e+61
-9.25596e+61
-9.25596e+61
-9.25596e+61
-9.25596e+61
-9.25596e+61
-9.25596e+61
-9.25596e+61
-9.25596e+61
-9.25596e+61
-9.25596e+61
-9.25596e+61
-9.25596e+61
-9.25596e+61
-9.25596e+61
-9.25596e+61
-9.25596e+61
-9.25596e+61
-9.25596e+61
-9.25596e+61
-9.25596e+61
-9.25596e+61
